function [p_mr,p_he,p_ve] = get_cropping_points(sample)
% function [p_mr,p_he,p_ve] = get_cropping(sample)
%    
% Returns cropping after registering
% first upper left, second lower right corners

p_mr{1} = [45      34  ; 108      93];
p_he{1} = [2852    1086; 27420    23050];
p_ve{1} = []; %no VEGF

p_mr{2} = [34      70  ; 84       100];
p_he{2} = [2124    7878; 17950    17600];
p_ve{2} = [1057    9596; 17300    18900];

p_mr{3} = [30      33  ; 109      104];
p_he{3} = [1.202e4 1530; 4.076e4  2.741e4];
p_ve{3} = [2633    1043; 3.142e4  2.658e4];

p_mr{4} = [29      32  ; 113    99];
p_he{4} = [1658    5112; 32540  29020];
p_ve{4} = [4151    508; 35380   24520];

p_mr{5} =  [27   27  ; 112   94]; 
p_he{5} =  [2410 6173; 35000 30780];
p_ve{5} =  [1596 4913; 33400 29490];

p_mr{6} =  [33   34  ; 114   96]; 
p_he{6} =  [3853 4228; 33500 27670];
p_ve{6} =  [3118 1956; 32500 25320];

p_mr{7} =  [31   36  ; 114   98]; 
p_he{7} =  [4710 2400; 33330 23690];
p_ve{7} =  [3094 3176; 31880 23220];

p_mr{8} =  [32    31  ; 111   96]; 
p_he{8} =  [18240 2307; 45720 21830];
p_ve{8} =  [3370  2628; 31230 22060];

p_mr{9} =  [29    38  ; 112   108]; 
p_he{9} =  [5519  2205; 36260 30210];
p_ve{9} =  [4368  4113; 35120 31890];

p_mr{10} = [30    33  ; 117   103]; 
p_he{10} = [6826  5601; 38270 31240];
p_ve{10} = [2187  2966; 33080 28590];

p_mr{11} = [29    34  ; 113   108]; 
p_he{11} = [3920  4121; 33260 28510];
p_ve{11} = []; %no VEGF

p_mr{12} = [34    35  ; 111   101]; 
p_he{12} = [3876  5908; 31720 28020];
p_ve{12} = [4087  3799; 32380 26040];

p_mr{13} = [33    29  ; 111   103]; 
p_he{13} = [1805  2341; 30230 28260];
p_ve{13} = [1047  1703; 29940 28230];

p_mr{14} = [42    34  ; 114   103]; 
p_he{14} = [2597  3358; 28810 28680];
p_ve{14} = [3442  2037; 30630 27250];

p_mr{15} = [29    35  ; 115   102]; 
p_he{15} = [1556  3458; 33340 27090];
p_ve{15} = [358  3561; 30840 27510];

p_mr{16} = [32    35  ; 112   103]; 
p_he{16} = [4464  4397; 35060 30780];
p_ve{16} = [1220  2219; 31560 28330];


p_mr = p_mr{sample};
p_he = p_he{sample};
p_ve = p_ve{sample};
 
end

